test_examples/MAGIC_data/data/2019e/old/magic_19e_sed_fig4_mwl_target03.ecsv
# %ECSV 0.9
# ---
# datatype:
# - {name: freq      , unit: s-1          , datatype: float32 , description: 'Frequency'  }
# - {name: freq_elo  , unit: s-1          , datatype: float32 , description: Lower Stat error (1 sigma) on ‘freq‘ }
# - {name: freq_eup  , unit: s-1          , datatype: float32 , description: Upper Stat error (1 sigma) on ‘freq‘ }
# - {name: nufnu     , unit: erg cm-2 s-1 , datatype: float32 , description: Differential photon flux at ‘freq'  }
# - {name: nufnu_elo , unit: erg cm-2 s-1 , datatype: float32 , description: Lower Stat error (1 sigma) on ‘nufnu‘ }
# - {name: nufnu_eup , unit: erg cm-2 s-1 , datatype: float32 , description: Upper Stat error (1 sigma) on ‘nufnu‘ }
# - {name: tstart    , unit: mjd          , datatype: float32 , description: MJD start                             }
# - {name: tstop     , unit: mjd          , datatype: float32 , description: MJD stop                              }
# - {name: texpo     , unit: s            , datatype: float32 , description: Exposure time                         }
# - {name: comments  , unit: latex        , datatype: str     , description: Comments                              }
# meta: !!omap
# - {Filename : magic_19e_sed_fig4_mwl_target03.ecsv}
# - {Source: BZB J0809+3455}
# schema : astropy −2.0

freq	       freq_elo    freq_eup nufnu     nufnu_elo  nufnu_eup      tstart   tstop texpo  comments 

5.550e14   0 0    6.077117016e-12     0.423839956e-12 0.423839956e-12  57126.4 57126.4 5534 "Swift-UVOT"
6.925e14    0 0    3.397049487e-12     0.258208037e-12 0.258208037e-12 57126.4 57126.4 5534 "Swift-UVOT"
8.563e14  0 0       1.551682604e-12     0.174692744e-12 0.174692744e-12 57126.4 57126.4 5534 "Swift-UVOT"
1.157e15   0 0     0.806597154e-12     0.129763345e-12 0.129763345e-12 57126.4 57126.4 5534 "Swift-UVOT"
1.345e15   0 0    0.780801598e-12     0.095921572e-12 0.095921572e-12 57126.4 57126.4 5534 "Swift-UVOT"
1.475e15   0 0    0.618197449e-12     0.080634450e-12 0.080634450e-12 57126.4 57126.4 5534 "Swift-UVOT"
9.79E+16	2.54E+16	2.54E+16	8.21E-13	2.51E-13	2.51E-13 57126.4 57126.4 5534 "Swift-XRT"
1.41E+17	1.81E+16	1.81E+16	1.36E-12	2.77E-13	2.77E-13 57126.4 57126.4 5534 "Swift-XRT"
1.81E+17	2.18E+16	2.18E+16	1.18E-12	2.27E-13	2.27E-13 57126.4 57126.4 5534 "Swift-XRT"
2.25E+17	2.18E+16	2.18E+16	1.13E-12	2.04E-13	2.04E-13 57126.4 57126.4 5534 "Swift-XRT"
2.67E+17	2.06E+16	2.06E+16	1.27E-12	2.18E-13	2.18E-13 57126.4 57126.4 5534 "Swift-XRT"
3.16E+17	2.78E+16	2.78E+16	1.18E-12	2.07E-13	2.07E-13 57126.4 57126.4 5534 "Swift-XRT"
3.84E+17	4.11E+16	4.11E+16	1.14E-12	2.17E-13	2.17E-13 57126.4 57126.4 5534 "Swift-XRT"
4.98E+17	7.25E+16	7.25E+16	1.24E-12	2.64E-13	2.64E-13 57126.4 57126.4 5534 "Swift-XRT"
8.02E+17	2.31E+17	2.31E+17	1.15E-12	3.75E-13	3.75E-13 57126.4 57126.4 5534 "Swift-XRT"
4.9368E+23	2.5168E+23	5.13474E+23	4.64E-13	1.344E-13	1.344E-13 56658  57753 nan "Fermi-LAT"
2.05458E+24	1.04743E+24	2.13698E+24	6.34E-13	0		0 	  56658  57753 nan "Fermi-LAT; UL"
8.55083E+24	4.35927E+24	8.89358E+24	1.04E-12	6.063E-13	6.063E-13 56658  57753 nan "Fermi-LAT"
3.55873E+25	1.81429E+25	3.70127E+25	2.13E-12	0		0 	  56658  57753 nan "Fermi-LAT; UL"
1.45E+25	0	0	1.46E-11	0	0 57012 57317 78500 "MAGIC; UL"
2.67E+25	0	0	7.32E-12	0	0 57012 57317 78500 "MAGIC; UL"
4.93E+25	0	0	1.70E-12	0	0 57012 57317 78500 "MAGIC; UL"
9.08E+25	0	0	2.20E-12	0	0 57012 57317 78500 "MAGIC; UL"
1.67E+26	0	0	7.94E-13	0	0 57012 57317 78500 "MAGIC; UL"
3.08E+26	0	0	2.37E-12	0	0 57012 57317 78500 "MAGIC; UL"

