test_examples/MAGIC_data/data/2019e/old/magic_19e_sed_fig3_nofit_target01.ecsv
# %ECSV 0.9
# ---
# datatype:
# - {name: freq      , unit: s-1          , datatype: float32 , description: 'Frequency'  }
# - {name: freq_elo  , unit: s-1          , datatype: float32 , description: Lower Stat error (1 sigma) on ‘freq‘ }
# - {name: freq_eup  , unit: s-1          , datatype: float32 , description: Upper Stat error (1 sigma) on ‘freq‘ }
# - {name: nufnu     , unit: erg cm-2 s-1 , datatype: float32 , description: Differential photon flux at ‘freq'  }
# - {name: nufnu_elo , unit: erg cm-2 s-1 , datatype: float32 , description: Lower Stat error (1 sigma) on ‘nufnu‘ }
# - {name: nufnu_eup , unit: erg cm-2 s-1 , datatype: float32 , description: Upper Stat error (1 sigma) on ‘nufnu‘ }
# - {name: tstart    , unit: mjd          , datatype: float32 , description: MJD start                             }
# - {name: tstop     , unit: mjd          , datatype: float32 , description: MJD stop                              }
# - {name: texpo     , unit: s            , datatype: float32 , description: Exposure time                         }
# - {name: comments  , unit: latex        , datatype: str     , description: Comments                              }
# meta: !!omap
# - {Filename : magic_19e_sed_fig3_nofit_target01.ecsv}
# - {Source: TXS 0210+515}
# schema : astropy −2.0

freq          freq_elo   freq_eup     nufnu        nufnu_elo  nufnu_eup      tstart   tstop    texpo  comments 
1.4000E09     0.0000E00  0.0          4.1280E-15   1.2396E-16  1.2396E-16   49231.5    50508.5 nan "NVSS"
4.6800E14     0.0000E00  0.0000E00    3.3600E-11   2.1700E-12  2.1700E-12 nan nan nan "NED"
2.4000E14     0.0000E00  0.0000E00    3.1000E-11   9.8700E-13 9.8700E-13  nan nan nan "NED" 
2.4000E14     0.0000E00  0.0000E00    3.4100E-11   1.8700E-12 1.8700E-12  nan nan nan "NED"
2.4000E14     0.0000E00  0.0000E00    2.3400E-11   3.9100E-13 3.9100E-13  nan nan nan "NED"
2.4000E14     0.0000E00  0.0000E00    1.2000E-11   5.5300E-13 5.5300E-13  nan nan nan "NED"
1.8200E14     0.0000E00  0.0000E00    4.0400E-11   2.0200E-12 2.0200E-12  nan nan nan "NED"
1.8200E14     0.0000E00  0.0000E00    2.3600E-11   4.1700E-13 4.1700E-13  nan nan nan "NED"
1.8200E14     0.0000E00  0.0000E00    3.1100E-11   1.1700E-12 1.1700E-12  nan nan nan "NED"
1.8200E14     0.0000E00  0.0000E00    1.2600E-11   6.5100E-13 6.5100E-13  nan nan nan "NED"
1.3800E14     0.0000E00  0.0000E00    2.7800E-11   1.6100E-12 1.6100E-12  nan nan nan "NED"
1.3800E14     0.0000E00  0.0000E00    1.6800E-11   3.4400E-13 3.4400E-13  nan nan nan "NED"
1.3800E14     0.0000E00  0.0000E00    2.1400E-11   1.0500E-12 1.0500E-12  nan nan nan "NED"
1.3800E14     0.0000E00  0.0000E00    8.8000E-12   4.1300E-13 4.1300E-13  nan nan nan "NED"
4.8500E09     0.0000E00   0.0000E00   1.3500E-14   1.5000E-15 1.5000E-15  nan nan nan "NED"
4.8500E09     0.0000E00   0.0000E00   1.3100E-14   1.9700E-15 1.9700E-15  nan nan nan "NED"
1.4000E09     0.0000E00   0.0000E00   4.1300E-15   1.2500E-16 1.2500E-16 nan nan nan "NED"
3.6500E08     0.0000E00   0.0000E00   2.0600E-15   1.5000E-16 1.5000E-1  nan nan nan "NED"
1.3860E14     0.0000E00 0.0     8.9365E-12   4.1565E-13  4.1565E-13 nan nan nan "Vizier" 
1.8180E14     0.0000E00 0.0     1.2922E-11   6.7247E-13  6.7247E-13  nan nan nan "Vizier"
2.4200E14     0.0000E00 0.0     1.2001E-11   5.5651E-13  5.5651E-13  nan nan nan "Vizier"
1.3860E14     0.0000E00 0.0     8.9365E-12   4.1565E-13  4.1565E-13  nan nan nan "Vizier"
1.8180E14     0.0000E00 0.0     1.2922E-11   7.0883E-13  7.0883E-13 nan nan nan "Vizier"
2.4200E14     0.0000E00 0.0     1.2001E-11   5.5651E-13  5.5651E-13 nan nan nan "Vizier"
1.3690E14     0.0000E00 0.0     1.2033E-11   8.2134E-14  8.2134E-14 nan nan nan "Vizier"
1.3690E14     0.0000E00 0.0     8.5419E-12   3.9698E-13  3.9698E-13 nan nan nan "Vizier"
1.8390E14     0.0000E00 0.0     1.7877E-11   2.7588E-13  2.7588E-13 nan nan nan "Vizier"
1.8390E14     0.0000E00 0.0     1.2948E-11   6.6211E-13  6.6211E-13 nan nan nan "Vizier"
2.3980E14     0.0000E00 0.0     1.7220E-11   1.1991E-13  1.1991E-13 nan nan nan "Vizier"
2.3980E14     0.0000E00 0.0     1.2135E-11   5.5161E-13   5.5161E-13 nan nan nan "Vizier"
1.3570E13     0.0000E00 0.0     1.0518E-12   1.1128E-13  1.1128E-13 nan nan nan "Vizier"
2.5930E13     0.0000E00 0.0     1.2345E-12   3.6308E-14 3.6308E-14 nan nan nan "Vizier"
6.5170E13     0.0000E00 0.0     3.5714E-12   7.1689E-14 7.1689E-14 nan nan nan "Vizier"
8.9490E13     0.0000E00 0.0     6.7475E-12   1.4318E-13 1.4318E-13 nan nan nan "Vizier"
1.3860E14     0.0000E00 0.0     8.9365E-12   4.1565E-13 4.1565E-13 nan nan nan "Vizier"
1.8180E14     0.0000E00 0.0     1.2922E-11   6.7247E-13 6.7247E-13 nan nan nan "Vizier"
2.4200E14     0.0000E00 0.0     1.2001E-11   5.5651E-13 5.5651E-13 nan nan nan "Vizier"
1.3570E13     0.0000E00 0.0     1.1264E-12   1.2621E-13 1.2621E-13 nan nan nan "Vizier"
2.5930E13     0.0000E00 0.0     1.2526E-12   4.1494E-14  4.1494E-14 nan nan nan "Vizier"
6.5170E13     0.0000E00 0.0     3.6692E-12   7.1689E-14 7.1689E-14 nan nan nan "Vizier"
8.9490E13     0.0000E00 0.0     6.6223E-12   1.4318E-13 1.4318E-13 nan nan nan "Vizier"
1.3860E14     0.0000E00 0.0     8.9365E-12   4.1565E-13 4.1565E-13 nan nan nan "Vizier"
1.8180E14     0.0000E00 0.0     1.2922E-11   6.7247E-13 6.7247E-13 nan nan nan "Vizier"
2.4200E14     0.0000E00 0.0     1.2001E-11   5.5651E-13  5.5651E-13 nan nan nan "Vizier"
1.4000E09     0.0000E00 0.0     6.3420E-15   1.4000E-16 1.4000E-16 nan nan nan "Vizier"
1.3860E14     0.0000E00 0.0     8.9365E-12   4.1565E-13  4.1565E-13 nan nan nan "Vizier"
1.8180E14     0.0000E00 0.0     1.2922E-11   6.7247E-13  6.7247E-13 nan nan nan "Vizier"
2.4200E14     0.0000E00 0.0     1.2001E-11   5.5651E-13 5.5651E-13 nan nan nan "Vizier"
1.3860E14     0.0000E00 0.0     8.9365E-12   4.1565E-13 4.1565E-13 nan nan nan "Vizier"
1.8180E14     0.0000E00 0.0     1.2922E-11   6.7247E-13  6.7247E-13 nan nan nan "Vizier"
2.4200E14     0.0000E00 0.0     1.2001E-11   5.5651E-13  5.5651E-13 nan nan nan "Vizier"
4.8000E09     0.0000E00 0.0     9.9360E-15   1.5360E-15  1.5360E-15 nan nan nan "Vizier"
1.3630E13     0.0000E00 0.0   6.8649E-13   1.4552E-13    1.4552E-13   55231.11701332    55232.24190797  nan "allWISE"
2.4980E13     0.0000E00 0.0   9.3996E-13   3.0321E-14    3.0321E-14     55231.11701332    55232.24190797 nan "allWISE"
6.5170E13     0.0000E00 0.0   4.0049E-12   6.6933E-14    6.6933E-14     55231.11701332    55232.24190797 nan "allWISE"
8.8170E13     0.0000E00 0.0   7.5514E-12   1.2071E-13    1.2071E-13    55231.11701332    55232.24190797 nan "allWISE"
1.4750E15     0.0000E00 0.0   4.0030E-12   7.5308E-14    7.5308E-14    54811.84559 nan nan "UVOT"
1.1570E15     0.0000E00 0.0   3.7721E-12   8.7420E-14    8.7420E-14     54811.84559 nan nan "UVOT"
8.5630E14     0.0000E00 0.0   4.6577E-12   1.0953E-13    1.0953E-13     54811.84559 nan nan "UVOT"
6.9250E14     0.0000E00  0.0   8.6962E-12   1.9344E-13    1.9344E-13     54811.84559 nan nan "UVOT"
1.4750E15     0.0000E00 0.0   3.1655E-12   2.6643E-14   2.6643E-14   54810.160938  nan nan "UVOT"
1.3450E15     0.0000E00 0.0   3.6405E-12   4.1710E-14   4.1710E-14   54810.160938  nan nan "UVOT"
1.1570E15     0.0000E00 0.0   3.4165E-12   4.4223E-14   4.4223E-14   54810.160938  nan nan "UVOT"
8.5630E14     0.0000E00 0.0   4.6367E-12   6.2281E-14   6.2281E-14   54810.160938  nan nan "UVOT"
8.5630E14     0.0000E00 0.0   1.7542E-12   3.8878E-14   3.8878E-14   54810.160938  nan nan "UVOT"
6.9250E14     0.0000E00 0.0   8.4929E-12   1.1272E-13   1.1272E-13   54810.160938  nan nan "UVOT"
6.9250E14     0.0000E00 0.0   3.4129E-12   6.8868E-14   6.8868E-14   54810.160938  nan nan "UVOT"
5.5500E14     0.0000E00 0.0   1.7653E-11   2.6419E-13   2.6419E-13   54810.160938 nan nan "UVOT"
1.3450E15     0.0000E00 0.0   3.5937E-12   2.4925E-14   2.4925E-14   55090.014803    nan nan "UVOT"
1.0810E18     0.0000E00  0.0  9.2580E-12   4.0275E-13   4.0275E-13    55090.014803    55090.958993 nan "1SWXRT"
2.4180E17     0.0000E00  0.0  6.3538E-12   1.8373E-13   1.8373E-13    55090.014803    55090.958993 nan "1SWXRT"
4.8360E17     0.0000E00  0.0  7.1194E-12   1.8041E-13    1.8041E-13     55090.014803    55090.958993 nan  "1SWXRT"
1.0810E18     0.0000E00 0.0   4.0731E-12   5.4757E-13    5.4757E-13    54811.845567    54811.916979 nan "1SWXRT"
2.4180E17     0.0000E00 0.0   8.7336E-12   6.4128E-13    6.4128E-13    54811.845567    54811.916979 nan "1SWXRT"
4.8360E17     0.0000E00 0.0   6.4744E-12   4.3927E-13    4.3927E-13    54811.845567    54811.916979 nan "1SWXRT"
1.0810E18     0.0000E00  0.0  5.9850E-12   2.4446E-13    2.4446E-13   54810.160914    54810.31456 nan "1SWXRT"
2.4180E17     0.0000E00  0.0  1.2582E-11   3.0002E-13    3.0002E-13   54810.160914    54810.31456 nan "1SWXRT"
4.8360E17     0.0000E00  0.0  9.1773E-12   2.1119E-13    2.1119E-13   54810.160914    54810.31456 nan "1SWXRT"
1.0810E18     0.0000E00  0.0  8.1673E-12   2.4555E-13   2.4555E-13   54810.160891    55090.958715 nan "1SXPS"
3.4190E17     0.0000E00  0.0  8.3466E-12   2.1549E-13   2.1549E-13   54810.160891    55090.958715 nan "1SXPS"
4.1880E17     0.0000E00  0.0  7.9988E-12   1.3342E-13    1.3342E-13  54810.160891    55090.958715 nan "1SXPS"
1.3250E17     0.0000E00  0.0  6.7805E-12   2.2565E-13    2.2565E-13  54810.160891    55090.958715 nan "1SXPS"
2.4200E17     0.0000E00  0.0  4.8101E-12   3.3222E-13   3.3222E-13    47892.5    48257.5 nan "RASS"
2.4200E17     0.0000E00 0.0   4.0441E-12   2.8735E-13    2.8735E-13    48104.0    48499.0 nan "RX2CAT"
6.6220E18     0.0000E00 0.0   2.9080E-12   1.7245E-12    1.7245E-12     53340.5    54525.5 nan "BAT 54M CAT"
1.1470E19     0.0000E00 0.0   2.5739E-12   1.5085E-12    1.5085E-12     53340.5    54525.5 nan "BAT 54M CAT"
1.1470E19     0.0000E00 0.0   3.7584E-12   4.7630E-13   4.7630E-13    53411.425781    56501.425781 nan "BAT 100M Palermo Catalog"
1.4520E24     0.0000E00 0.0    9.1272E-13   2.7865E-13    2.7865E-13  54682.65486    56139.94861 nan  "Fermi/LAT (3FGL)"
1.4520E25     0.0000E00 0.0   6.1414E-13   3.3053E-13    3.3053E-13   54682.65486    56139.94861 nan  "Fermi/LAT (3FGL)"
1.4520E23     0.0000E00 0.0   4.8866E-13   3.4406E-13    3.4406E-13   54682.65486    56139.94861 nan  "Fermi/LAT (3FGL)"
4.8400E22     0.0000E00 0.0   2.7362E-12   7.8026E-13    7.8026E-13   54682.65486    56139.94861 nan  "Fermi/LAT (3FGL)"
